4.000000000000000000e+00 6.000000000000000000e+00 7.653329802100401480e-01 2.000000000000000000e+00
9.000000000000000000e+00 1.000000000000000000e+01 7.981402771379146888e-01 2.000000000000000000e+00
8.000000000000000000e+00 1.400000000000000000e+01 8.062189622716777748e-01 3.000000000000000000e+00
0.000000000000000000e+00 7.000000000000000000e+00 8.240548069832427380e-01 2.000000000000000000e+00
1.600000000000000000e+01 1.700000000000000000e+01 8.307967707592369688e-01 5.000000000000000000e+00
2.000000000000000000e+00 3.000000000000000000e+00 8.435102077426819278e-01 2.000000000000000000e+00
1.800000000000000000e+01 1.900000000000000000e+01 8.497173285321053537e-01 7.000000000000000000e+00
1.000000000000000000e+00 5.000000000000000000e+00 8.553417012414572529e-01 2.000000000000000000e+00
1.500000000000000000e+01 2.000000000000000000e+01 8.624397528608733765e-01 9.000000000000000000e+00
2.100000000000000000e+01 2.200000000000000000e+01 8.646379615736151658e-01 1.100000000000000000e+01
1.300000000000000000e+01 2.300000000000000000e+01 9.049078805133744519e-01 1.200000000000000000e+01
1.100000000000000000e+01 2.400000000000000000e+01 9.999999999999992228e-01 1.300000000000000000e+01
1.200000000000000000e+01 2.500000000000000000e+01 9.999999999999997780e-01 1.400000000000000000e+01
